66806600873427771629347411652427322203467213183928467620436642517746866572639420426999662907161779727143803318137747940845308229418548986825697571084368540258022763263401053141756231197157082989355868947090459755534412071457086520750618855441753631305074936737522122461564582977664405504770234348781971637163
28621049604991223848651047160274693014512476205199183462626421095885327651694045582262974636200920071738367731712611222307008924085584098208356021028278281120906585066310591315093805365094839532289613580979563429141161279750334594621646170295486673324396319329852117786811352006783015795020700567344137417268
132682485803007099170424605940744898698288032907359531404311358689896921894394276311289421570502755510540171857625782559259936160050939005721985759875822326177754881128394850748044495701494647981635565335755052568561168111300052786557505645328497636109516071109811226177599105551923507900026268168095997962219
33742456768040833693431609406454945818439152783101388625351840125597392858468769560111011691367935143612704350187927907776510550984267239989726968960539378753293336524458341747441346573942609816271185540849660910160639192981312793330720752937763828849018126002943985420247023073683850935357468022129481891622
83911915786432272732898540763482241212381869303498512733861924625622652364299877685065336430745276995041262296874471585917795892240662482469346420388286620619511493358447310007362336901129834288907162199213109773696379865751592775871080704586458811639234689628483355785678455301578325045615004045344445996699
76316705228196123833643948181589241430980706581675687634416325224906065750882676205124830094697661543853983359742169850449507187995701436014309559846372830746866299982251110117963533813833146452125765180943827694830666559625676725150763711402719667665694441881646048420743172497306344425789642649599467128049
58184719441928318104280138567015437488716059677862435764759971788950723661201149824426138743580475276614435277961010766035757445297058031637130731372898928361263709069590939182855005196988096948260697406256830638571376473677649507229418007615573841669487893582958922470482503002796346781894707628066400585457
16620400621872587620561326591875770034885931462737925013621146967822269379446049411705391636268018245133608908688439759250759045883308950866408862862128490419970180721726499522603847569587205422489545300293225624861509424384135836855154873125244957144936664293927998161557700515506039677877008633071834680315
92150734248055290218411802453123157352705861834384999313923627396879075182969493077863826740703500846554243898542051370243384532757106260185578330274718697752055726041920906966875591009705191340199801335272872356664545508701260930129290909057539382965530574392227266773224955362480575099934898650214757799427
79725053860604765055702359049580728345606979823065112322272769966265784167918376912676709590218163402926694959484627983491746279513086336659328231458982039929174544843226441492936024575040726681984385693510731675993113698031139497359785845670799873466890520882908638387015600056943074248709818306204260523655
140318298708041880179048749302153582095091356290853304678898625904821766866528502000758554451108686331640853543123152556588527248481514436237338904632199422466692443966934809065859938601166155810783547888171629091111710923736075324170032641551951377372690108403558329628495025621622150495484943307576935701567
56405792666348751477658890116102820425540917556795305033834033942088357166890532816512602192914985864339523191616594719803583886674778595051383957232988010536870950639727518569534743913382399733485610194313922044144692416509236242095305429394751411435113499714889943275212558057508880251834494736924922944100
61354328725009110904662716659275242271539889771836075265120152113937032313555999117290122334833702089021667071225349870242496497666062752197929262832754362704460251233727815272161214664274657287725743695980286290326940956179914439969975329836770894979963849511231067481448088547959309648091922398434312801709
22011744623459587015476758989657795591540714973935702220778301810485641377039292690880523636433974347355987217564188652839703156340079467162221019832714584188409328120116730936373305177007244861904567436971910605633450682185401663405008159575901631275560698871411568347042950918417858563916870405039328058009
86648014540331487681062642023243371195442397576482982120882252993132815842542042456131590629716083804653155119009096504462874610325649987572099281772061886319221091074978000497306553610184658100375978768225971354065242171171459592235657459007110209320918278619357219126080722322890456059981805116671726244113
29685418022901513184004769440274756563309256984437039284220168954702073660775312444275225912934259530974098938120626042264586306095856308975928502679555616685512501853969275469449279011014708226209093032983104323589709325566551359222175518862166073360005883508506355407217553715535515323715073542538482337801
66806600873427771629347411652427322203467213183928467620436642517746866572639420426999662907161779727143803318137747940845308229418548986825697571084368540258022763263401053141756231197157082989355868947090459755534412071457086520750618855441753631305074936737522122461564582977664405504770234348781971637163
28621049604991223848651047160274693014512476205199183462626421095885327651694045582262974636200920071738367731712611222307008924085584098208356021028278281120906585066310591315093805365094839532289613580979563429141161279750334594621646170295486673324396319329852117786811352006783015795020700567344137417268
150554098643481259279672396199121683451077818635613440481831321896562537690945120423170166249978053816082191281872854659352697598653792095635159259410344477777148784656230626814186967670990019091836475245892110113852461057918978536720073758555219836583667258924507455995655156135579396017439161547257581879729
13851065130528713354447497408088917377230345787525629298812133143495011240803502512220446339842141333207582533414728120928809267537906713921421174074443041791795811603677020001879940345669833082964190174678224347984887549673400067648856080870338763271579036803504231106655542738951348152992558070048296405581
121880605215096603081434486927499335319208408965820301882044100422324590816650495167435993379369484550850381917183718126655029082973981816732635834787589577432725609226210026331801124516311775855083020478654375374819004664672069489481984309122503013356990272686582549982215495011671351402758018093502590443169
61590352557115351804468403592434777525087873959403423131881295037476475233847794220765093532559053651019532509507097828406644821369327200093628734894921671309128278123639484410823053389806810057720396522067275046031009875165118873050571922507368643335644810310699963905405793511021824167793343367012914553914
83911915786432272732898540763482241212381869303498512733861924625622652364299877685065336430745276995041262296874471585917795892240662482469346420388286620619511493358447310007362336901129834288907162199213109773696379865751592775871080704586458811639234689628483355785678455301578325045615004045344445996699
76316705228196123833643948181589241430980706581675687634416325224906065750882676205124830094697661543853983359742169850449507187995701436014309559846372830746866299982251110117963533813833146452125765180943827694830666559625676725150763711402719667665694441881646048420743172497306344425789642649599467128049
53523840361634555386194280963037354859483052562632729769165675810505598288013743042261840228298328281117879194597931960331719813761349813439550320528957840853984882253591831299878826803732528820422024748635462285368477452443396385303789037849508296814149293490161268537717655238974601920328385850302145454603
16813454958619968329958450653219356153512497465481768932041821961901559219589723277365056005689134407783857864615764587035713860590569018998855924124639772933950875371098369482578820981648440616650740497497005156926851684229847492876569920477309654627525605446844507567016586790084728047537951205924718387751
53523840361634555386194280963037354859483052562632729769165675810505598288013743042261840228298328281117879194597931960331719813761349813439550320528957840853984882253591831299878826803732528820422024748635462285368477452443396385303789037849508296814149293490161268537717655238974601920328385850302145454603
16813454958619968329958450653219356153512497465481768932041821961901559219589723277365056005689134407783857864615764587035713860590569018998855924124639772933950875371098369482578820981648440616650740497497005156926851684229847492876569920477309654627525605446844507567016586790084728047537951205924718387751
150554098643481259279672396199121683451077818635613440481831321896562537690945120423170166249978053816082191281872854659352697598653792095635159259410344477777148784656230626814186967670990019091836475245892110113852461057918978536720073758555219836583667258924507455995655156135579396017439161547257581879729
13851065130528713354447497408088917377230345787525629298812133143495011240803502512220446339842141333207582533414728120928809267537906713921421174074443041791795811603677020001879940345669833082964190174678224347984887549673400067648856080870338763271579036803504231106655542738951348152992558070048296405581
95585325793539053915860304319728969840644989079527294697749247414650396512551723460189054317475031935552859316594916940268613125197360225839725677067855277077719661798291394467740467448073174262687410035467994658870903157261987186336137081402469855573155805882621958091665703430680631712361323034287008275591
92718411798395462674971316863377528179727808586679176939278617378359986342961875012624458182184695433169252212840724588071530498219438581458777082601960446356514508062953010685888036702835152515953566759492087517867460210499349454194749398178950341969866062349961639032769722009080694820379991773839703034635
66806600873427771629347411652427322203467213183928467620436642517746866572639420426999662907161779727143803318137747940845308229418548986825697571084368540258022763263401053141756231197157082989355868947090459755534412071457086520750618855441753631305074936737522122461564582977664405504770234348781971637163
28621049604991223848651047160274693014512476205199183462626421095885327651694045582262974636200920071738367731712611222307008924085584098208356021028278281120906585066310591315093805365094839532289613580979563429141161279750334594621646170295486673324396319329852117786811352006783015795020700567344137417268
