4201254396563460409805
2018833230126719532951
2867241154651654219419
994662226929229646885
1043650948409625482673
171946116273806731822
2185402770447839622492
722686511934838759921
4073706866906090949615
2725060354150244164630
4033774932414025301802
3388822601741296357645
1174040753248012197729
4486945567403371728424
814435067165541154897
1222763534364346770095
4268379735347749357394
1733497441272050856645
4317847606691934224532
3679343711778479798121
3426549425923281767879
4606116832899514659421
3185615153260935058114
1312267772777880833081
2810461785810901771328
2593945437778891721085
4386001226812117262131
4520000817086386576614
3250667432111082964809
2564118730460938063771
915760950426591001185
4713051853848391127429
972033379510604695788
1540270691276196800211
1131919079654751349266
1909559173319483393947
3273182616099749949873
4696347029924573462805
4623790589371090486485
1978575466804100514504
3677952156476381368628
3316581519688858830106
3089992433413889568802
872943726052857800624
3975930792479175416022
3681499319454208888757
2699822973347833975721
3939155402842090449747
2137910645301337495226
1920205073334390517846
3429790387702557806884
3234178152624887152994
3996422109221787895883
3774533547268843190326
3719282428498588615340
1329481234493107638322
430830209192096059950
4120756586995480419191
2615705986746195752946
2334700864974620646318
3217696461903968033561
3975017820322108121377
3469143690643991437215
1635919225136886981828
3900598976526659197778
4216675220252585753298
3184697865124418808978
1171172992406988484168
4270334699227989269576
417258087540836401893
2422946106392599003516
428643982715886021787